function [K, M, Ms, T] = heatFlowMats()
K = [4 -1 -2 -1; -1 4 -1 -2; -2 -1 4 -1; -1 -2 -1 4]/6;
M = [4 2 1 2; 2 4 2 1; 1 2 4 2; 2 1 2 4]/36;
Ms = [2 1 1 2]/6;
T = ones(4, 1);
end